0
86
138
163
190
206
256
276
303
366
381
471
485
503
544
563
633
651
660
704
712
789
819
855
873
907
930
960
966
990
1014
997
1009
1033
1036
1061
1072
1104
1120
1144
1186
1208
1223
1246
1258
1277
1299
1384
1417
1448
1460
1404
1417
1423
1433
1450
1435
1448
1433
1386
1379
1293
1305
1305
1278
1270
1223
1199
1204
1187
1202
1177
1172
1194
1202
1203
1198
1192
1211
1218
1210
1211
1220
1207
1241
1224
1224
1222
1233
1247
1227
1227
1238
1317
1309
1299
1300
1235
1262
1254
1243
1245
1225
1211
1187
1169
1180
1166
1196
1202
1219
1202
1196
1191
1180
1195
1181
1160
1149
1132
1100
1091
1100
1074
1061
1041
1048
1040
1026
1022
1028
1034
1041
1070
1056
1064
1069
1034
1038
1023
1021
1124
1122
1133
1135
1142
1278
1266
1274
1250
1281
1283
1288
1295
1309
1301
1275
1284
1254
1250
1256
1251
1251
1266
1272
1331
1324
1342
1344
1341
1347
1348
1345
1332
1560
1575
1612
1608
1596
1621
1625
1614
1608
1563
1570
1567
1562
1550
1520
1521
1505
1390
1370
1287
1293
1285
1280
1259
1256
1255
1225
1227
1215
1201
1188
1181
1179
1158
1165
1171
1156
1141
1134
1118
1113
1038
1034
1016
1009
1006
1003
988
981
976
724
713
665
661
659
635
621
615
607
607
605
606
604
598
597
591
588
576
571
566
548
540
521
518
510
513
506
506
505
504
504
513
507
506
481
475
568
575
674
665
659
675
669
839
878
894
905
904
944
958
958
1026
1026
1011
447
439
458
491
513
513
507
507
515
536
558
555
557
570
582
599
615
623
624
667
683
682
686
683
707
716
713
706
705
704
707
719
711
701
701
700
706
690
691
695
696
699
706
710
712
708
708
698
702
700
701
698
701
658
637
643
637
626
621
598
585
581
576
576
559
554
545
523
521
477
467
466
459
459
429
417
425
428
428
428
420
413
417
412
411
408
408
403
402
398
393
389
374
372
364
357
383
380
374
380
380
386
383
377
379
364
364
362
357
359
368
368
372
366
403
419
413
417
409
405
415
413
415
418
416
416
410
405
410
418
424
428
425
423
429
428
429
427
425
418
418
404
404
404
400
378
377
374
370
372
369
358
360
352
350
347
345
346
350
349
340
336
320
326
321
304
311
308
306
310
354
351
352
352
349
353
358
355
350
344
355
344
349
351
344
351
356
361
360
359
357
359
356
350
350
363
356
358
365
357
332
329
331
341
335
335
329
325
308
299
300
301
303
296
291
290
284
277
276
274
264
263
266
276
274
271
265
268
263
255
240
238
226
227
227
219
209
208
203
207
205
206
208
214
218
209
211
204
193
195
195
195
189
174
181
179
182
184
181
180
190
187
190
192
199
206
207
209
199
201
202
207
211
203
204
202
201
210
213
223
228
224
238
238
239
241
244
248
250
246
243
242
244
244
243
243
245
249
253
250
250
254
254
268
269
273
277
277
275
273
262
255
256
283
279
275
281
283
288
288
299
292
286
288
289
287
289
283
293
284
287
288
277
278
276
271
265
261
259
259
259
258
256
258
259
259
260
259
257
255
255
234
232
227
225
221
214
211
211
207
207
193
192
190
194
190
182
178
173
168
157
158
151
145
147
145
148
142
130
129
124
123
120
118
120
121
121
121
119
119
112
114
111
115
110
115
114
113
116
118
122
126
124
124
123
123
126
124
127
130
133
132
133
132
128
136
136
135
140
139
139
136
136
139
145
143
146
148
180
179
178
179
181
180
175
180
182
182
179
177
182
186
193
188
189
186
189
194
191
191
189
190
195
195
194
197
194
193
194
198
187
187
189
190
188
179
182
179
180
185
185
178
179
178
174
172
181
183
180
181
183
183
179
180
177
179
178
174
173
174
170
162
155
156
156
157
153
157
159
156
158
155
151
148
144
140
139
138
135
126
122
123
125
126
128
127
120
118
124
120
118
117
117
116
112
111
100
102
101
100
97
93
90
91
91
90
95
95
92
90
87
86
87
87
89
88
86
81
83
91
88
88
90
90
94
93
100
102
102
103
101
103
100
102
99
101
103
106
102
104
103
103
105
105
105
106
106
108
106
111
111
112
113
112
111
109
104
104
104
104
107
110
111
110
108
108
107
104
102
100
99
109
109
107
103
103
100
97
95
95
97
91
90
83
87
84
83
82
85
84
84
83
79
79
79
79
82
74
77
73
72
72
72
74
73
76
78
78
81
78
81
78
80
79
78
80
80
83
95
97
104
120
131
149
148
149
156
158
194
200
212
237
239
259
252
251
251
251
248
249
248
248
249
249
251
249
248
250
247
243
240
240
242
242
240
253
254
253
251
254
250
250
257
260
259
262
267
269
268
271
270
254
264
252
254
253
255
317
283
282
274
229
229
228
230
235
236
243
242
244
246
251
250
251
252
254
255
251
252
253
253
255
247
249
253
237
237
239
237
236
232
236
226
221
228
221
216
203
203
198
188
184
154
155
153
148
143
114
110
111
111
109
112
115
112
111
111
108
111
112
110
107
106
105
101
99
97
96
95
91
91
94
92
91
87
84
88
88
88
89
89
86
88
92
84
80
81
81
83
87
88
87
84
84
94
98
98
99
97
95
92
93
92
91
96
94
94
95
92
95
95
94
93
92
90
90
91
91
94
95
96
90
88
87
86
84
82
81
81
78
78
76
75
75
74
75
78
75
81
79
77
80
80
80
78
76
77
77
81
82
83
83
80
83
81
80
79
76
73
69
70
70
70
72
72
72
72
75
72
72
71
72
73
73
74
76
73
74
74
75
75
80
80
81
81
79
75
73
69
70
69
66
67
65
63
63
63
61
62
61
61
62
64
62
62
63
63
64
66
65
65
68
71
71
74
74
76
71
75
79
81
86
90
93
113
112
123
123
126
130
130
152
153
153
154
169
165
168
165
171
159
169
172
169
168
172
171
186
185
188
191
196
202
218
219
234
241
243
250
254
261
260
264
267
266
268
265
266
264
262
266
262
260
258
238
237
231
231
233
225
226
214
209
210
210
198
200
196
195
189
194
186
178
181
182
179
175
165
166
166
161
159
157
145
143
127
122
124
119
116
109
107
104
102
102
101
101
102
100
89
83
88
87
86
90
92
88
88
92
96
96
101
100
97
98
109
106
107
107
105
99
97
97
93
90
91
90
91
91
88
89
86
85
79
81
80
78
78
76
74
76
77
77
76
70
68
69
69
74
71
71
69
68
73
70
71
69
70
68
64
63
55
55
58
66
66
65
65
61
61
62
63
65
67
67
68
69
69
69
71
74
73
74
75
73
72
72
73
73
73
70
70
70
70
73
74
73
74
71
73
69
70
70
70
67
66
66
78
75
74
73
74
74
71
71
70
70
69
66
66
66
67
65
66
66
66
66
67
66
65
69
69
69
74
73
75
77
77
79
80
85
85
85
84
82
85
91
91
92
92
92
89
89
87
83
82
85
83
84
87
89
91
90
90
89
87
85
86
90
91
92
90
89
88
88
89
92
94
92
92
87
86
87
84
86
86
88
91
91
90
86
88
81
81
89
89
84
83
80
81
83
86
86
85
88
88
86
88
88
89
87
85
84
84
84
85
87
88
88
86
84
85
84
84
82
82
83
80
79
79
78
78
74
75
73
75
74
71
69
70
72
71
68
67
59
56
55
56
59
60
59
56
58
61
62
62
61
61
60
65
67
68
68
70
70
69
66
66
67
68
68
67
66
66
67
69
69
71
71
72
73
75
76
76
75
70
71
71
70
69
67
66
65
65
65
65
65
62
60
55
54
54
56
54
52
53
54
54
53
50
50
49
48
48
50
52
53
54
52
52
53
53
53
52
50
47
47
49
52
56
55
55
55
55
56
59
58
60
60
60
61
100
100
101
101
98
96
99
99
96
96
96
96
99
98
98
95
91
92
91
90
89
87
95
91
94
95
94
96
91
92
93
93
92
90
90
93
89
89
75
76
75
74
75
73
74
74
73
63
61
61
62
63
63
63
63
63
57
59
59
58
57
58
56
56
57
59
59
56
56
57
57
55
48
50
50
50
52
50
51
51
56
55
55
57
55
57
55
53
55
53
53
53
51
51
52
53
53
53
54
54
56
55
57
57
61
63
69
68
68
68
70
70
60
60
59
58
58
58
57
56
58
59
59
59
58
57
56
55
54
57
51
52
53
51
52
51
55
56
54
52
51
51
51
51
52
48
48
51
50
50
47
46
44
44
43
45
44
43
42
42
41
42
42
42
46
46
47
46
46
44
45
44
47
47
46
45
44
45
45
43
43
42
43
42
41
41
40
41
42
42
44
44
44
50
48
48
46
44
45
45
46
46
45
46
45
43
47
49
47
52
49
49
50
50
46
47
47
48
50
50
49
50
49
48
49
50
50
49
51
50
51
51
52
54
54
55
55
56
54
53
52
52
52
53
52
52
52
51
52
50
51
50
51
46
46
46
40
41
40
36
33
33
33
33
32
31
32
31
29
29
28
28
27
28
27
28
28
29
28
28
27
31
31
33
32
31
31
29
30
29
28
29
29
29
29
29
29
30
30
31
29
31
30
29
28
27
28
28
28
27
28
29
28
28
28
29
27
28
30
34
34
36
36
37
37
36
35
34
34
34
35
32
31
31
31
31
31
32
29
29
28
29
31
30
30
30
31
31
32
31
31
28
29
30
30
31
30
29
30
31
31
30
29
28
31
33
35
36
35
32
32
31
31
29
29
29
28
28
28
31
30
30
31
34
34
34
32
31
31
31
32
32
31
31
31
30
29
29
28
28
29
29
29
27
26
25
25
26
24
23
21
20
22
26
24
25
23
24
26
27
27
27
30
31
32
33
34
34
34
32
38
47
46
45
45
46
46
49
49
47
49
48
51
51
50
51
51
50
51
56
60
61
62
65
66
66
65
65
67
67
66
65
61
58
57
55
55
53
52
53
51
51
50
49
49
49
48
48
48
46
41
41
41
42
43
42
43
38
41
42
40
41
38
40
41
40
40
40
38
38
34
33
34
31
31
31
36
37
38
39
40
44
45
45
45
45
45
47
50
50
51
53
54
54
53
53
52
53
54
57
58
60
63
65
64
62
62
65
64
72
71
74
75
80
79
80
82
86
91
86
84
84
81
85
84
84
88
88
85
85
84
84
81
81
83
87
87
86
84
85
85
84
83
87
86
85
86
87
102
101
102
103
101
107
109
110
112
110
109
111
112
114
113
108
108
101
101
111
105
105
106
106
108
103
102
106
104
103
104
103
107
109
112
110
109
107
104
104
104
102
102
101
103
98
99
100
101
101
83
84
83
84
86
82
82
82
80
82
81
81
83
77
79
83
82
81
83
72
72
72
75
74
69
65
64
62
62
64
65
72
69
68
68
70
72
70
70
71
72
73
74
77
74
72
69
70
66
65
66
66
67
64
61
63
61
59
59
56
58
57
55
58
57
57
56
59
58
57
57
59
56
61
61
64
64
64
67
66
67
61
63
66
67
66
65
67
68
68
69
69
68
66
65
68
68
67
68
70
76
79
79
80
80
81
80
89
89
91
89
97
98
97
97
96
97
95
94
95
63
61
61
57
57
55
57
56
53
54
54
54
55
57
57
59
58
55
55
54
58
58
64
66
67
65
68
69
69
67
67
64
66
66
68
67
67
63
63
60
62
62
61
61
59
58
57
58
58
57
55
56
57
56
57
58
58
57
57
56
56
56
51
46
46
45
43
43
42
42
41
41
34
32
32
32
30
29
29
27
23
23
22
22
21
20
20
22
22
21
19
20
22
22
23
23
23
33
35
37
38
37
40
40
40
40
38
39
39
39
38
38
40
39
37
37
39
41
43
44
42
42
41
45
43
42
42
40
41
27
27
29
29
29
29
32
33
33
34
34
34
33
33
37
37
40
40
42
42
42
41
41
42
45
46
46
46
45
45
45
45
46
44
47
50
49
47
46
46
45
45
45
44
43
43
42
41
40
38
38
38
37
37
37
38
35
35
34
36
35
35
33
37
33
32
30
30
29
27
28
28
28
27
24
24
23
27
27
27
27
27
30
30
28
26
26
27
26
26
26
26
28
28
30
31
33
32
32
32
32
33
33
33
32
30
30
29
28
26
27
27
28
24
25
26
28
30
28
28
29
29
30
31
33
31
33
30
24
24
24
25
21
21
21
20
22
22
24
25
25
24
24
24
22
21
21
22
23
24
25
24
25
27
26
27
27
27
27
26
26
26
25
25
25
28
27
25
25
25
24
24
23
22
21
21
20
20
19
19
20
19
19
19
19
19
18
18
16
15
16
18
19
19
19
19
18
17
17
16
15
15
16
14
14
13
13
14
14
15
16
16
16
16
15
13
13
13
13
13
13
13
14
14
14
14
15
16
17
17
17
17
17
17
17
18
18
18
18
18
17
17
16
17
16
16
16
16
15
15
15
15
13
13
13
14
14
13
13
12
11
11
11
11
21
20
25
24
24
25
26
28
31
33
35
38
40
39
43
43
42
44
46
47
51
51
67
67
67
68
69
68
67
68
66
67
68
69
71
72
72
72
72
72
72
71
72
75
75
75
77
79
79
82
73
73
69
71
72
73
72
72
67
65
62
64
62
50
50
50
51
51
50
49
33
35
35
36
36
36
36
37
37
37
35
36
35
34
37
38
42
43
43
66
67
73
73
71
71
72
78
77
80
77
78
79
79
78
79
80
85
85
85
88
89
85
86
86
86
91
86
86
85
85
87
85
87
85
77
85
87
88
89
86
83
82
83
84
81
80
79
82
96
97
98
100
100
100
99
98
96
96
93
93
93
92
93
94
91
89
84
85
85
83
83
81
82
82
82
76
75
74
73
72
70
70
65
64
64
56
54
51
51
51
47
45
44
43
43
44
42
38
25
25
24
22
21
19
22
22
21
21
21
21
21
21
20
20
20
20
20
19
19
19
18
18
15
16
15
16
16
17
17
17
19
18
18
18
18
26
26
26
25
25
26
25
25
25
25
24
24
23
23
19
20
20
20
22
21
22
22
23
24
24
24
24
24
23
22
21
22
22
22
21
22
22
22
21
21
20
20
20
20
19
18
19
21
21
21
19
19
20
20
20
19
19
19
19
19
19
19
19
19
19
18
18
17
15
15
14
13
12
12
11
11
11
11
9
8
8
7
8
8
8
7
7
7
8
8
8
8
8
8
8
10
9
8
9
8
8
8
8
8
8
9
9
9
9
9
9
9
8
8
8
8
7
7
7
7
7
8
8
9
10
10
11
11
11
11
11
13
12
12
13
14
14
14
13
14
14
14
14
14
14
12
12
12
11
11
12
12
12
12
10
10
10
8
8
9
9
9
10
10
10
10
10
10
10
11
10
10
11
11
11
11
11
11
12
12
12
10
10
10
7
6
7
7
9
8
8
8
8
8
9
9
9
9
9
9
8
8
8
8
8
8
8
8
8
7
9
9
10
10
10
10
11
13
13
13
13
15
14
15
15
15
15
16
15
15
15
15
15
15
17
17
16
16
15
16
16
16
16
17
16
16
16
17
17
17
18
18
18
18
17
17
17
18
18
18
16
16
15
16
16
16
15
13
12
12
12
13
13
12
12
10
11
10
11
11
11
11
11
11
9
9
9
9
8
7
6
6
6
6
6
6
6
5
5
5
4
4
4
4
4
5
5
4
4
4
4
4
4
3
3
4
4
4
4
4
5
5
5
5
5
4
4
5
4
4
4
4
4
4
4
5
5
5
4
4
3
3
3
3
3
3
4
4
4
6
6
6
6
6
6
7
7
8
8
8
8
8
8
8
8
7
7
7
7
8
8
8
8
8
8
8
9
8
8
8
8
8
8
8
8
8
8
9
9
9
9
9
9
9
9
9
8
8
8
8
8
8
8
8
8
7
7
6
6
7
8
8
8
8
8
9
10
10
11
11
11
11
11
12
13
13
12
22
23
23
24
24
24
25
25
25
23
23
23
23
20
20
20
20
19
19
19
20
20
17
17
17
17
17
17
17
17
17
17
16
16
16
16
16
16
16
15
14
14
11
12
12
12
11
11
11
11
10
8
8
7
7
8
7
7
7
7
6
7
8
9
9
10
11
14
15
15
15
15
15
15
15
16
16
16
16
17
18
18
19
19
17
17
17
18
18
18
18
17
17
18
18
17
17
16
19
19
19
19
20
21
21
20
21
21
22
22
23
22
22
21
21
20
19
16
17
14
14
14
14
14
14
14
14
16
16
15
15
15
15
15
16
16
16
14
14
14
14
15
15
14
14
15
16
17
14
14
15
15
14
13
13
13
12
12
12
12
11
10
9
10
10
12
12
13
12
12
12
12
13
13
13
15
15
14
14
15
15
15
15
16
15
14
14
16
16
16
16
14
14
14
14
13
13
13
13
13
13
13
13
13
13
14
14
15
16
16
16
15
15
15
15
14
14
15
15
15
16
16
15
16
16
14
15
13
13
13
13
13
13
12
12
12
12
9
9
9
9
9
9
9
9
9
11
11
11
11
12
15
15
16
17
16
16
16
14
14
14
14
15
16
17
17
17
16
16
16
15
15
15
14
14
14
13
13
13
13
13
13
13
13
13
12
12
12
12
12
12
12
12
12
12
12
11
11
11
11
10
7
7
6
6
7
7
6
6
6
7
7
6
5
4
4
4
3
3
3
3
3
4
5
7
7
6
7
8
8
11
11
15
15
15
18
18
18
18
18
18
18
19
19
19
19
19
20
21
21
22
22
23
23
25
24
24
24
22
22
20
19
19
19
18
18
18
18
19
19
21
21
20
20
20
20
20
19
19
19
19
19
19
19
21
21
21
21
21
21
21
21
20
23
23
23
23
22
21
21
20
20
19
19
17
17
19
19
19
19
19
19
19
20
18
18
19
23
23
23
21
21
21
20
21
21
21
21
20
20
18
19
19
19
18
14
14
14
14
14
14
14
14
11
12
14
14
14
15
15
15
15
15
15
15
17
16
17
17
18
18
17
17
19
19
20
19
15
15
15
15
16
15
15
14
15
15
15
15
14
14
13
14
14
14
14
14
16
16
16
16
17
17
17
16
14
16
16
16
16
17
18
17
18
18
16
16
16
16
16
16
16
16
14
14
14
14
16
16
16
17
17
18
18
19
19
19
21
21
21
21
21
21
21
21
21
21
19
19
19
19
18
18
18
18
19
17
17
16
16
15
13
13
12
12
12
12
12
12
11
11
12
12
12
12
11
11
9
9
8
7
7
7
8
7
6
6
4
5
5
5
5
4
4
4
4
5
5
5
5
6
7
7
7
8
9
11
11
12
12
12
12
12
13
15
15
15
15
5
5
5
4
5
5
5
5
5
5
5
5
5
5
5
4
4
3
3
3
3
3
3
3
3
3
3
3
4
4
4
4
5
5
5
4
4
4
3
3
3
3
3
3
3
3
3
3
3
3
3
3
3
3
2
2
3
3
3
3
3
3
3
4
4
4
4
4
4
6
6
6
7
7
6
2
2
2
1
1
1
1
1
1
1
1
2
2
2
2
3
3
3
4
4
4
4
4
4
4
4
4
4
4
4
4
3
3
3
3
4
4
4
4
4
4
4
4
4
5
5
5
5
5
5
5
5
5
5
6
6
6
6
6
7
7
6
6
6
6
5
5
5
4
4
4
4
4
4
4
4
4
4
4
4
4
4
4
4
5
4
4
4
4
4
4
4
4
5
4
4
4
4
4
5
5
5
5
5
5
5
5
5
5
4
4
5
5
5
6
6
7
7
7
7
8
8
8
8
8
8
8
8
8
8
8
8
8
8
10
10
10
10
10
10
10
10
10
9
9
10
11
11
11
10
10
10
10
10
9
9
9
9
9
9
9
9
9
9
8
8
7
8
8
8
7
7
8
8
8
8
8
8
8
8
8
8
8
8
5
5
6
6
6
7
7
8
9
9
9
8
7
8
8
8
8
9
9
11
11
12
11
11
11
11
11
10
10
11
11
11
11
10
10
13
13
13
12
12
12
12
12
12
12
12
12
12
12
12
12
12
11
11
11
10
10
10
9
8
7
7
7
6
6
6
6
5
6
3
3
3
3
3
3
3
3
3
3
1
1
1
1
1
1
0
0
2
2
2
2
2
2
2
2
2
2
2
2
2
2
2
2
2
2
2
2
2
2
2
2
2
2
2
2
3
3
3
3
3
3
3
3
3
3
3
3
3
3
3
4
4
4
4
4
4
4
2
2
3
3
3
5
5
5
5
5
5
5
5
6
6
6
6
6
6
6
6
6
6
6
6
6
6
6
5
5
5
5
5
5
4
4
4
4
4
4
4
4
4
3
3
3
3
4
4
4
3
3
2
2
2
2
2
2
2
2
2
2
2
1
1
1
1
1
1
1
1
1
1
1
1
1
2
2
2
2
2
2
2
2
2
2
2
2
2
2
2
2
2
2
2
2
2
1
1
1
1
1
1
1
1
1
1
1
1
1
1
1
1
1
1
1
1
1
1
1
1
1
1
1
1
1
0
0
0
0
0
0
0
0
0
0
2
2
2
2
2
2
2
2
2
2
3
3
4
4
4
4
4
5
6
6
6
6
6
6
6
6
6
6
6
6
6
6
6
6
6
6
6
6
6
5
5
6
6
6
5
5
5
5
5
5
5
5
5
5
4
4
4
4
4
4
3
3
2
2
2
2
2
1
1
1
1
1
1
1
1
1
1
1
1
1
1
1
1
1
1
1
1
2
2
2
2
1
1
1
1
1
1
1
1
2
2
2
2
2
2
2
3
3
3
3
3
3
3
3
3
3
3
3
3
3
3
3
3
3
3
3
3
3
3
3
3
3
3
3
3
3
3
2
2
2
2
2
2
2
2
2
2
2
2
1
1
1
1
1
1
1
0
0
0
0
0
0
1
1
1
1
1
1
1
1
1
2
2
2
2
2
2
2
2
2
2
2
3
3
3
3
3
3
3
3
4
4
5
5
5
5
5
5
5
5
5
5
5
5
5
5
5
5
5
5
5
5
5
5
5
5
6
6
6
6
6
5
5
5
5
5
5
5
5
5
5
5
4
3
3
3
3
3
3
3
3
3
2
4
5
5
5
5
5
6
6
6
6
6
6
6
6
6
6
6
6
6
5
5
5
5
4
4
4
4
4
4
4
4
4
4
4
4
4
4
4
4
4
4
4
4
4
4
4
4
4
4
3
2
1
1
1
1
1
0
0
0
0
0
0
1
1
1
1
1
1
1
1
1
1
1
1
1
1
2
2
2
2
2
2
2
2
2
2
4
4
4
4
4
4
4
4
4
4
4
4
4
4
4
4
4
4
4
3
3
3
3
3
3
3
2
2
2
2
3
3
2
2
2
2
2
3
3
3
2
2
2
2
2
2
2
2
2
2
2
2
2
1
1
1
1
1
1
2
2
2
2
2
2
2
2
2
2
2
2
2
2
2
2
2
2
2
2
2
1
2
2
2
2
2
2
2
2
2
2
2
2
2
2
2
2
2
2
2
2
2
2
2
2
2
2
2
2
2
2
2
2
2
2
2
2
2
2
2
2
3
3
3
3
3
3
3
3
3
3
2
2
2
2
2
2
2
2
2
2
2
2
2
2
2
2
2
2
2
2
2
2
2
3
3
3
3
4
3
3
3
3
3
4
4
4
4
4
4
4
4
4
4
4
4
4
4
4
4
4
4
4
4
4
4
4
4
3
3
2
2
2
2
2
2
2
2
2
2
2
2
2
2
1
1
1
1
1
1
1
1
1
1
0
0
0
0
0
0
0
0
0
0
0
0
0
0
0
0
0
0
0
0
0
0
0
0
0
0
0
0
0
0
0
0
0
0
0
0
0
0
0
0
0
0
0
1
1
1
1
1
1
1
1
1
1
1
1
1
1
1
1
1
1
1
1
1
1
1
1
1
1
1
1
1
1
1
1
1
1
1
1
1
1
1
1
1
1
1
1
1
1
1
1
1
1
0
1
1
1
1
1
1
1
1
1
1
1
1
1
1
1
1
1
1
1
1
1
1
1
1
1
1
1
1
1
1
1
1
1
1
1
1
1
1
1
1
1
1
1
1
1
1
1
1
1
1
1
1
1
1
1
1
1
1
1
1
1
1
1
1
1
1
1
1
1
2
2
2
2
2
2
2
2
2
2
2
2
2
2
2
2
2
2
2
2
2
2
2
2
2
3
3
3
4
4
4
3
3
3
3
3
3
3
3
3
3
3
3
3
3
5
5
5
5
5
4
4
4
4
4
4
4
4
4
4
4
4
4
4
4
4
4
4
4
4
4
4
4
4
4
3
3
3
2
2
2
2
2
3
3
3
3
3
3
3
3
3
3
3
3
1
1
1
1
1
1
1
1
1
1
1
1
1
1
2
4
4
4
4
4
6
6
6
6
6
6
6
6
6
7
7
7
7
7
7
7
7
7
6
6
6
6
6
6
6
6
6
6
6
6
6
6
6
6
6
6
6
6
6
6
6
6
6
6
5
3
3
3
3
3
1
1
1
1
2
2
2
2
2
1
1
1
1
1
1
1
1
1
1
1
1
1
1
1
1
1
1
1
1
1
1
1
1
1
1
1
1
1
1
1
1
1
1
1
1
1
1
1
1
1
1
1
1
1
0
0
0
0
0
0
0
0
0
0
0
0
0
0
0
0
0
0
0
0
0
0
0
0
0
0
0
0
0
0
0
0
0
0
0
0
0
0
0
0
0
0
0
0
0
0
0
0
0
0
1
1
1
1
1
1
1
1
1
1
1
1
1
1
1
1
1
1
1
1
1
1
1
1
1
1
1
1
1
1
1
1
1
1
1
1
1
1
1
1
1
1
1
1
1
1
1
1
1
1
0
0
0
0
0
0
0
0
0
0
0
0
0
0
0
0
0
0
0
0
0
0
0
0
0
0
0
0
0
0
0
0
0
0
0
0
0
0
0
0
0
0
0
0
0
0
0
0
0
0
0
0
0
0
0
0
0
0
0
0
0
0
0
0
0
0
0
0
0
0
0
0
0
0
0
0
0
0
0
0
0
0
0
0
0
0
0
0
0
1
1
1
1
1
1
1
1
1
1
1
1
1
1
1
1
1
1
1
1
1
1
1
1
1
1
1
1
1
1
1
1
1
1
1
1
1
1
1
1
1
1
1
1
0
0
0
0
0
0
0
0
0
0
0
0
0
0
0
0
0
0
1
1
1
1
1
1
1
1
1
1
1
1
1
1
1
1
1
1
1
1
1
1
1
1
1
1
1
1
1
1
1
1
1
1
1
1
1
1
1
1
1
1
1
1
1
1
1
1
1
1
0
0
0
0
0
0
0
0
0
0
0
0
0
0
0
0
0
0
0
0
0
0
0
0
0
0
0
0
0
0
0
0
0
0
0
0
0
0
0
0
0
0
0
0
0
0
0
0
0
0
0
0
0
0
0
0
0
0
0
0
0
0
0
0
0
0
0
0
0
0
0
0
0
0
0
0
0
0
0
0
0
0
0
0
0
0
0
0
0
0
0
0
0
0
0
0
0
0
0
0
0
0
0
0
0
0
0
0
0
0
0
0
0
0
0
0
0
0
0
0
0
0
0
0
0
0
0
0
0
0
0
0
0
0
0
0
0
0
0
0
0
0
0
0
0
0
0
0
0
0
0
0
0
0
0
0
0
0
0
0
0
0
0
0
0
0
0
0
0
0
0
0
0
0
0
0
0
0
0
0
0
0
0
0
0
0
0
0
0
0
0
0
0
0
0
0
0
0
0
0
0
0
0
0
0
0
0
0
0
0
0
0
0
0
0
0
0
0
0
0
0
0
0
0
0
0
0
0
0
0
0
0
0
0
0
0
0
0
0
0
0
0
0
0
0
0
0
0
0
0
0
0
0
0
0
0
0
0
0
0
0
0
0
0
0
0
0
0
0
0
0
0
0
0
0
0
0
0
0
0
0
0
0
0
0
0
0
0
0
0
0
0
0
0
0
0
0
0
0
0
0
0
0
0
0
0
0
0
0
0
0
0
0
0
0
0
0
0
0
0
0
0
0
0
0
0
0
0
0
0
0
0
0
1
1
1
1
1
1
1
1
1
1
1
1
1
1
1
1
1
1
1
1
1
1
1
1
1
1
1
1
1
1
1
1
1
3
3
3
3
3
3
3
3
3
3
3
3
3
3
3
3
3
2
2
2
2
2
2
2
2
2
2
2
2
2
2
2
2
2
2
2
2
2
2
2
2
2
2
2
2
2
2
2
2
2
0
0
0
0
0
0
0
0
0
0
0
0
0
0
0
0
0
0
0
0
0
0
0
0
0
0
0
0
0
0
0
0
0
0
0
0
0
0
0
0
0
0
0
0
0
0
0
0
0
0
0
0
0
0
0
0
0
0
0
0
0
0
0
0
0
0
0
0
0
0
0
0
0
0
0
0
0
0
0
0
0
0
0
0
0
0
0
0
0
0
0
0
0
0
0
0
0
0
0
0
0
0
0
0
0
0
0
0
0
0
0
0
0
0
0
0
0
0
0
0
0
0
0
0
0
0
0
0
0
0
0
0
0
0
0
0
0
0
0
0
0
0
0
0
0
0
0
0
0
0
0
0
0
0
0
0
0
0
0
0
0
0
0
0
0
0
0
0
0
0
0
0
0
0
0
0
0
0
0
0
0
0
0
0
0
0
0
0
0
0
0
0
0
0
0
0
0
0
0
0
0
0
0
0
0
0
0
0
0
0
0
0
0
0
0
0
0
0
0
0
0
0
0
0
0
0
0
0
0
0
0
0
0
0
0
0
0
0
0
0
0
0
0
0
0
0
0
0
0
0
0
0
0
0
0
0
0
0
0
0
0
0
0
0
0
0
0
0
0
0
0
0
0
0
0
0
0
0
0
0
0
0
0
0
0
0
0
0
0
0
0
0
0
0
0
0
0
0
0
0
0
0
0
0
0
0
0
0
0
0
0
0
0
0
0
0
0
0
0
0
0
0
0
0
0
0
0
0
0
0
0
0
0
0
0
0
0
0
0
0
0
0
0
0
0
0
0
0
0
0
0
0
0
0
0
0
0
0
0
0
0
0
0
0
0
0
0
0
0
0
0
0
0
0
0
0
0
0
0
0
0
0
0
0
0
0
0
0
0
0
0
0
0
0
0
0
0
0
0
0
0
0
0
0
0
0
0
0
0
0
0
0
0
0
0
0
0
0
0
0
0
0
0
0
0
0
0
0
0
0
0
0
0
0
0
0
0
0
0
0
0
0
0
0
0
0
0
0
0
0
0
0
0
0
0
0
0
0
0
0
0
0
0
0
0
0
0
0
0
0
0
0
0
0
0
0
0
0
0
0
0
0
0
0
0
0
0
0
0
0
0
0
0
0
0
0
0
0
0
0
0
0
0
0
0
0
0
0
0
0
0
0
0
0
0
0
0
0
0
0
0
0
0
0
0
0
0
0
0
0
0
0
0
0
0
0
0
0
0
0
0
0
0
0
0
0
0
0
0
0
0
0
0
0
0
0
0
0
0
0
0
0
0
0
0
0
0
0
0
0
0
0
0
0
0
0
0
0
0
0
0
0
0
0
0
0
0
0
0
0
0
0
0
0
0
0
0
0
0
0
0
0
0
0
0
0
0
0
0
0
0
0
0
0
0
0
0
0
0
0
0
0
0
0
0
0
0
0
0
0
0
0
0
0
0
0
0
0
0
0
0
0
0
0
0
0
0
0
0
0
0
0
0
0
0
0
0
0
0
0
0
0
0
0
0
0
0
0
0
0
0
0
0
0
0
0
0
0
0
0
0
0
0
0
0
0
0
0
0
0
0
0
0
0
0
0
0
0
0
0
0
0
0
0
0
0
0
0
0
0
0
0
0
0
0
0
0
0
0
0
0
0
0
0
0
0
0
0
0
0
0
0
0
0
0
0
0
0
0
0
0
0
0
0
0
0
0
0
0
0
0
0
0
0
0
0
0
0
0
0
0
0
0
0
0
0
0
0
0
0
0
0
0
0
0
0
0
0
0
0
0
0
0
0
0
0
0
0
0
0
0
0
0
0
0
0
0
0
0
0
0
0
0
0
0
0
0
0
0
0
0
0
0
0
0
0
0
0
0
0
0
0
0
0
0
0
0
0
0
0
0
0
0
0
0
0
0
0
0
0
0
0
0
0
0
0
0
0
0
0
0
0
0
0
0
0
0
0
0
0
0
0
0
0
0
0
0
0
0
0
0
0
0
0
0
0
0
0
0
0
0
0
0
0
0
0
0
0
0
0
0
0
0
0
0
0
0
0
0
0
0
0
0
0
0
0
0
0
0
0
0
0
0
0
0
0
0
0
0
0
0
0
0
0
0
0
0
0
0
0
0
0
0
0
0
0
0
0
0
0
0
0
0
0
0
0
0
0
0
0
0
0
0
0
0
0
0
0
0
0
0
0
0
0
0
0
0
0
0
0
0
0
0
0
0
0
0
0
0
0
0
0
3
3
3
3
3
3
3
3
3
3
3
3
3
3
3
3
3
3
3
3
3
3
3
3
3
3
3
3
3
3
3
3
3
3
3
3
3
3
3
3
3
3
3
3
3
3
3
3
3
3
0
0
0
0
0
0
0
0
0
0
0
0
0
0
0
0
0
0
0
0
0
0
1
1
1
1
1
1
1
1
1
1
1
1
1
1
1
0
0
0
0
0
0
0
0
0
0
0
0
0
0
0
0
0
0
0
0
0
0
0
0
0
0
0
0
0
0
0
0
0
0
0
0
0
0
0
0
0
0
0
0
0
0
0
0
0
0
0
0
0
0
0
0
0
0
0
0
0
0
0
0
0
0
0
0
0
0
0
0
0
0
0
0
0
0
0
0
0
0
0
0
0
0
0
0
0
0
0
0
0
0
0
0
0
0
0
0
0
0
0
0
0
0
0
0
0
0
0
0
0
0
0
0
0
0
0
0
0
0
0
0
0
0
0
0
0
0
0
0
0
0
0
0
0
0
0
0
0
0
0
0
0
0
0
0
0
0
0
0
0
0
0
0
0
0
0
0
0
0
0
0
0
0
0
0
0
0
0
0
0
0
0
0
0
0
0
0
0
0
0
0
0
0
0
0
0
0
0
0
0
0
0
0
0
0
0
0
0
0
0
0
0
0
0
0
0
0
0
0
0
0
0
0
0
0
0
0
0
0
0
0
0
0
0
0
0
0
0
0
0
0
0
0
0
0
0
0
0
0
0
0
0
0
0
0
0
0
0
0
0
0
0
0
0
0
0
0
0
0
0
0
0
0
0
0
0
0
0
0
0
0
0
0
0
0
0
0
0
0
0
0
0
0
0
0
0
0
0
0
0
0
0
0
0
0
0
0
0
0
0
0
0
0
0
0
0
0
0
0
0
0
0
0
0
0
0
0
0
0
0
0
0
0
0
0
0
0
0
0
0
0
0
0
0
0
0
0
0
0
0
0
0
0
0
0
0
0
0
0
0
0
0
0
0
0
0
0
0
0
0
0
0
0
0
0
0
0
0
0
0
0
0
0
0
0
0
0
0
0
0
0
0
0
0
0
0
0
0
0
0
0
0
0
0
0
0
0
0
0
0
0
0
0
0
0
0
0
0
0
0
0
0
0
0
0
0
0
0
0
0
0
0
0
0
0
0
0
0
0
0
0
0
0
0
0
0
0
0
0
0
0
0
0
0
0
0
0
0
0
0
0
0
0
0
0
0
0
0
0
0
0
0
0
0
0
0
0
0
0
0
0
0
0
0
0
0
0
0
0
0
0
0
0
0
0
0
0
0
0
0
0
0
0
0
0
0
0
0
0
0
0
0
0
0
0
0
0
0
0
0
0
0
0
0
0
0
0
0
0
0
0
0
0
0
0
0
0
0
0
0
0
0
0
0
0
0
0
0
0
0
0
0
0
0
0
0
0
0
0
0
0
0
0
0
0
0
0
0
0
0
0
0
0
0
0
0
0
0
0
0
0
0
0
0
0
0
0
0
0
0
0
0
0
0
0
0
0
0
0
0
0
0
0
0
0
0
0
0
0
0
0
0
0
0
0
0
0
0
0
0
0
0
0
0
0
0
0
0
0
0
0
0
0
0
0
0
0
0
0
0
0
0
0
0
0
0
0
0
0
0
0
0
0
0
0
0
0
0
0
0
0
0
0
0
0
0
0
0
0
0
0
0
0
0
0
0
0
0
0
0
0
0
0
0
0
0
0
0
0
0
0
0
0
0
0
0
0
0
0
0
0
0
0
0
0
0
0
0
0
0
0
0
0
0
0
0
0
0
0
0
0
0
0
0
0
0
0
0
0
0
0
0
0
0
0
0
0
0
0
0
0
0
0
0
0
0
0
0
0
0
0
0
0
0
0
0
0
0
0
0
0
0
0
0
0
0
0
0
0
0
0
0
0
0
0
0
0
0
0
0
0
0
0
0
0
0
0
0
0
0
0
0
0
0
0
0
0
0
0
0
0
0
0
0
0
0
0
0
0
0
0
0
0
0
0
0
0
0
0
0
0
0
0
0
0
0
0
0
0
0
0
0
0
0
0
0
0
0
0
0
0
0
0
0
0
0
0
0
0
0
0
0
0
0
0
0
0
0
0
0
0
0
0
0
0
0
0
0
0
0
0
0
0
0
0
0
0
0
0
0
0
0
0
0
0
0
0
0
0
0
0
0
0
0
0
0
0
0
0
0
0
0
0
0
0
0
0
0
0
0
0
0
0
0
0
0
0
0
0
0
0
0
0
0
0
0
0
0
0
0
0
0
0
0
0
0
0
0
0
0
0
0
0
0
0
0
0
0
0
0
0
0
0
0
0
0
0
0
0
0
0
0
0
0
0
0
0
0
0
0
0
0
0
0
0
0
0
0
0
0
0
0
0
0
0
0
0
0
0
0
0
0
0
0
0
0
0
0
0
0
0
0
0
0
0
0
0
0
0
0
0
0
0
0
0
0
0
0
0
0
0
0
0
0
0
0
0
0
0
0
0
0
0
0
0
0
0
0
0
0
0
0
0
0
0
0
0
0
0
0
0
0
0
0
0
0
0
0
0
0
0
0
0
0
0
0
0
0
0
0
0
0
0
0
0
0
0
0
0
0
0
0
0
0
0
0
0
0
0
0
0
0
0
0
0
0
0
0
0
0
0
0
0
0
0
0
0
0
0
0
0
0
0
0
0
0
0
0
0
0
0
0
0
0
0
0
0
0
0
0
0
0
0
0
0
0
0
0
0
0
0
0
0
0
0
0
0
0
0
0
0
0
0
0
0
0
0
0
0
0
0
0
0
0
0
0
0
0
0
0
0
0
0
0
0
0
0
0
0
0
0
0
0
0
0
0
0
0
0
0
0
0
0
0
0
0
0
0
0
0
0
0
0
0
0
0
0
0
0
0
0
0
0
0
0
0
0
0
0
0
0
0
0
0
0
0
0
0
0
0
0
0
0
0
0
0
0
0
0
0
0
0
0
0
0
0
0
0
0
0
0
0
0
0
0
0
0
0
0
0
0
0
0
0
0
0
0
0
0
0
0
0
0
0
0
0
0
0
0
0
0
0
0
0
0
0
0
0
0
0
0
0
0
0
0
0
0
0
0
0
0
0
0
0
0
0
0
0
0
0
0
0
0
0
0
0
0
0
0
0
0
0
0
0
0
0
0
0
0
0
0
0
0
0
0
0
0
0
0
0
0
0
0
0
0
0
0
0
0
0
0
0
0
0
0
0
0
0
0
0
0
0
0
0
0
0
0
0
0
0
0
0
0
0
0
0
0
0
0
0
0
0
0
0
0
0
0
0
0
0
0
0
0
0
0
0
0
0
0
0
0
0
0
0
0
0
0
0
0
0
0
0
0
0
0
0
0
0
0
0
0
0
0
0
0
0
0
0
0
0
0
0
0
0
0
0
0
0
0
0
0
0
0
0
0
0
0
0
0
0
0
0
0
0
0
0
0
0
0
0
0
0
0
0
0
0
0
0
0
0
0
0
0
0
0
0
0
0
0
0
0
0
0
0
0
0
0
0
0
0
0
0
0
0
0
0
0
0
0
0
0
0
0
0
0
0
0
0
0
0
0
0
0
0
0
0
0
0
0
0
0
0
0
0
0
0
0
0
0
0
0
0
0
0
0
0
0
0
0
0
0
0
0
0
0
0
0
0
0
0
0
0
0
0
0
0
0
0
0
0
0
0
0
0
0
0
0
0
0
0
0
0
0
0
0
0
0
0
0
0
0
0
0
0
0
0
0
0
0
0
0
0
0
0
0
0
0
0
0
0
0
0
0
0
0
0
0
0
0
0
0
0
0
0
0
0
0
0
0
0
0
0
0
0
0
0
0
0
0
0
0
0
0
0
0
0
0
0
0
0
0
0
0
0
0
0
0
0
0
0
0
0
0
0
0
0
0
0
0
0
0
0
0
0
0
0
0
0
0
0
0
0
0
0
0
0
0
0
0
0
0
0
0
0
0
0
0
0
0
0
0
0
0
0
0
0
0
0
0
0
0
0
0
0
0
0
0
0
0
0
0
0
0
0
0
0
0
0
0
0
0
0
0
0
0
0
0
0
0
0
0
0
0
0
0
0
0
0
0
0
0
0
0
0
0
0
0
0
0
0
0
0
0
0
0
0
0
0
0
0
0
0
0
0
0
0
0
0
0
0
0
0
0
0
0
0
0
0
0
0
0
0
0
0
0
0
0
0
0
0
0
0
0
0
0
0
0
0
0
0
0
0
0
0
0
0
0
0
0
0
0
0
0
0
0
0
0
0
0
0
0
0
0
0
0
0
0
0
0
0
0
0
0
0
0
0
0
0
0
0
0
0
0
0
0
0
0
0
0
0
0
0
0
0
0
0
0
0
0
0
0
0
0
0
0
0
0
0
0
0
0
0
0
0
0
0
0
0
0
0
0
0
0
0
0
0
0
0
0
0
0
0
0
0
0
0
0
0
0
0
0
0
0
0
0
0
0
0
0
0
0
0
0
0
0
0
0
0
0
0
0
0
0
0
0
0
0
0
0
0
0
0
0
0
0
0
0
0
0
0
0
0
0
0
0
0
0
0
0
0
0
0
0
0
0
0
0
0
0
0
0
0
0
0
0
0
0
0
0
0
0
0
0
0
0
0
0
0
0
0
0
0
0
0
0
0
0
0
0
0
0
0
0
0
0
0
0
0
0
0
0
0
0
0
0
0
0
0
0
0
0
0
0
0
0
0
0
0
0
0
0
0
0
0
0
0
0
0
0
0
0
0
0
0
0
0
0
0
0
0
0
0
0
0
0
0
0
0
0
0
0
0
0
0
0
0
0
0
0
0
0
0
0
0
0
0
0
0
0
0
0
0
0
0
0
0
0
0
0
0
0
0
0
0
0
0
0
0
0
0
0
0
0
0
0
0
0
0
0
0
0
0
0
0
0
0
0
0
0
0
0
0
0
0
0
0
0
0
0
0
0
0
0
0
0
0
0
0
0
0
0
0
0
0
0
0
0
0
0
0
0
0
0
0
0
0
0
0
0
0
0
0
0
0
0
0
0
0
0
0
0
0
0
1
1
1
3
3
3
3
3
3
3
3
3
3
3
3
3
3
4
2
2
2
2
2
2
2
2
2
2
2
2
2
2
2
2
2
2
2
2
2
2
3
2
2
2
2
2
2
2
2
2
2
2
2
2
2
2
3
3
4
4
4
6
6
6
6
5
5
5
5
0
0
0
0
0
0
0
0
0
0
0
0
0
0
0
0
0
0
0
0
0
0
0
0
0
0
0
0
0
0
0
0
0
0
0
0
0
0
0
0
0
0
0
0
0
0
0
0
0
0
0
0
0
0
0
0
0
0
0
0
0
0
0
0
0
0
0
0
0
0
0
0
0
0
0
0
0
0
0
0
0
0
0
0
0
0
0
0
0
0
0
0
0
0
0
0
0
0
0
0
0
0
0
0
0
0
0
0
0
0
0
0
0
0
0
0
0
0
0
0
0
0
0
0
0
0
0
0
0
0
0
0
0
0
0
0
0
0
0
0
0
0
0
0
0
0
0
0
0
0
0
0
0
0
0
0
0
0
0
0
0
0
0
0
0
0
0
0
0
0
0
0
0
0
0
0
0
0
0
0
0
0
0
0
0
0
0
0
0
0
0
0
0
0
0
0
0
0
0
0
0
0
0
0
0
0
0
0
0
0
0
0
0
0
0
0
0
0
0
0
0
0
0
0
0
0
0
0
0
0
0
0
0
0
0
0
0
0
0
0
0
0
0
0
0
0
0
0
0
0
0
0
0
0
0
0
0
0
0
0
0
0
0
0
0
0
0
0
0
0
0
0
0
0
0
0
0
0
0
0
0
0
0
0
0
0
0
0
0
0
0
0
0
0
0
0
0
0
0
0
0
0
0
0
0
0
0
0
0
0
0
0
1
1
1
1
1
1
1
1
1
1
1
1
1
1
1
1
1
1
1
1
1
1
1
1
1
1
1
1
1
1
1
1
1
1
1
1
1
1
1
1
1
1
1
1
1
1
1
1
1
1
0
0
0
0
0
0
0
0
0
0
0
0
0
0
0
0
0
0
0
0
0
0
0
0
0
0
0
0
0
0
0
0
0
0
0
0
0
0
0
0
0
0
0
0
0
0
0
0
0
0
0
0
0
0
0
0
0
0
0
0
0
0
0
0
0
0
0
0
0
0
0
0
0
0
0
0
0
0
0
0
0
0
0
0
0
0
0
0
0
0
0
0
0
0
0
0
0
0
0
0
0
0
0
0
0
0
0
0
0
0
0
0
0
0
0
0
0
0
0
0
0
0
0
0
0
0
0
0
0
0
0
0
0
0
0
0
0
0
0
0
0
0
0
0
0
0
0
0
0
0
0
0
0
0
0
0
0
0
0
0
0
0
0
0
0
0
0
0
0
0
0
0
0
0
0
0
0
0
0
0
0
0
0
0
0
0
0
0
0
0
0
0
0
0
0
0
0
0
0
0
0
0
0
0
0
0
0
0
0
0
0
0
0
0
0
0
0
0
0
0
0
0
0
0
0
0
0
0
0
0
0
0
0
0
0
0
0
0
0
0
0
0
0
0
0
0
0
0
0
0
0
0
0
0
0
0
0
0
0
0
0
0
0
0
0
0
0
0
0
0
0
0
0
0
0
0
0
0
0
0
0
0
0
0
0
0
0
0
0
0
0
0
0
0
0
0
0
0
0
0
0
0
0
0
0
0
0
0
0
0
0
0
0
0
0
0
0
0
0
0
0
0
0
0
0
0
0
0
0
0
0
0
0
0
0
0
0
0
0
0
0
0
0
0
0
0
0
0
0
0
0
0
0
0
0
0
0
0
0
0
0
0
0
0
0
0
0
0
0
0
0
0
0
0
0
0
0
0
0
0
0
0
0
0
0
0
0
0
0
0
0
0
0
0
0
0
0
0
0
0
0
0
0
0
0
0
0
0
0
0
0
0
0
0
0
0
0
0
0
0
0
0
0
0
0
0
0
0
0
0
0
0
0
0
0
0
0
0
0
0
0
0
0
0
0
0
0
0
0
0
0
0
0
0
0
0
0
0
0
0
0
0
0
0
0
0
0
0
0
0
0
0
0
0
0
0
0
0
0
0
0
0
0
0
0
0
0
0
0
0
0
0
0
0
0
0
0
0
0
0
0
0
0
0
0
0
0
0
0
0
0
0
0
0
0
0
0
0
0
0
0
0
0
0
0
0
0
0
0
0
0
0
0
0
0
0
0
0
0
0
0
0
0
0
0
0
0
0
0
0
0
0
0
0
0
0
0
0
0
0
0
0
0
0
0
0
0
0
0
0
0
0
0
0
0
0
0
0
0
0
0
0
0
0
0
0
0
0
0
0
0
0
0
0
0
0
0
0
0
0
0
0
0
0
0
0
0
0
0
0
0
0
0
0
0
0
0
0
0
1
1
1
1
1
1
1
1
1
1
1
1
1
1
1
1
1
1
1
1
1
1
1
1
1
1
1
1
1
1
1
1
1
1
1
1
1
1
1
1
1
1
1
1
1
1
1
1
1
1
0
0
0
0
0
0
0
0
0
0
0
0
0
0
0
0
0
0
0
0
0
0
0
0
0
0
0
0
0
0
0
0
0
0
0
0
0
0
0
0
0
0
0
0
0
0
0
0
0
0
0
0
0
0
0
0
0
0
0
0
0
0
0
0
0
0
0
0
0
0
0
0
0
0
0
0
0
0
0
0
0
0
0
0
0
0
0
0
0
0
0
0
0
0
0
0
0
0
0
0
0
0
0
0
0
0
0
0
5
5
5
5
5
5
5
5
5
5
5
5
5
5
5
5
5
5
5
5
4
4
4
4
4
4
4
4
4
4
4
4
4
3
3
3
3
3
2
2
2
0
0
0
0
0
0
0
0
0
0
0
0
0
0
1
1
1
1
1
2
2
2
2
2
2
2
2
2
2
2
2
2
2
2
2
2
2
2
2
2
2
2
2
2
2
2
2
2
2
2
2
2
2
2
2
2
2
2
2
2
2
1
1
1
0
